5623535
7270901
3487001
9163992
61336
5950123
8730671
5159549
9601556
9762783
1697720
6623265
3172899
5292645
7021475
7894060
2555983
741864
5750720
3302319
3384387
5844197
2385105
310080
1722010
9296686
9671764
197753
6544198
7802743
4783378
3364339
661401
3429225
138980
4152998
8424998
9083637
2832472
6522346
9213039
5712908
8490779
78372
5609633
2872847
8904716
7304109
10746
7032137
2624551
4534800
3382720
2239672
9352628
8730765
4786397
7182803
9797431
8864817
7686404
3367472
7037645
6722056
1671031
6062248
4984396
667332
6475972
7691311
6655120
8278242
8524199
1450216
5336418
23871
3064649
4944456
3286316
971179
4142653
6931573
5627336
6257846
6971521
7558502
5767797
4623319
3199581\
7783659
9955400
7524577
5832370
9773987
3979026
1781661
4097341
4500726
1430527\
8363888
6340775
5768413
3560188
4002520
1538068
7927113
980213
4925798
1530412\
5430832
8388639
7401513
6199648
1252822
8403896
1291016
1159704
7666117
8036855
4429091
2577895
2085063
662482
8888018
3479350
3398122
4949231
8390958
8445824
9253419
3813394
7989522
4514779
3172091
2782484
5001811
1979026
1353127
3295050
4547998
7091457
5473067
2032111
8826773